% Observation well 1
  -1.6965361328e+003 -3.4117816162e+002
% Observation well 2
  -3.8018966675e+001 -1.5995075989e+002

% coordinates of the line-sinks that will model the river bank.

    1.737960815429688e+003 -1.184626098632813e+003
    1.582677978515625e+003 -1.153618408203125e+003
 
    1.582677978515625e+003 -1.153618408203125e+003
    1.445096313476563e+003 -1.095875610351563e+003

    1.445096313476563e+003 -1.095875610351563e+003
    1.320943237304688e+003 -9.405926513671875e+002

    1.320943237304688e+003 -9.405926513671875e+002
    1.116829223632813e+003 -8.030109863281250e+002
 
    1.116829223632813e+003 -8.030109863281250e+002
    1.099005859375000e+003 -6.699462280273438e+002
 
    1.099005859375000e+003 -6.699462280273438e+002
    1.005860473632813e+003 -5.367593994140625e+002

    1.005860473632813e+003 -5.367593994140625e+002
    9.215047607421875e+002 -4.791386718750000e+002

    9.215047607421875e+002 -4.791386718750000e+002
    8.328762817382813e+002 -4.036946105957031e+002

    8.328762817382813e+002 -4.036946105957031e+002
    6.907777709960938e+002 -3.859933471679688e+002

    6.907777709960938e+002 -3.859933471679688e+002
    5.221883544921875e+002 -3.593804016113281e+002

    5.221883544921875e+002 -3.593804016113281e+002
    4.290430297851563e+002 -3.681699829101563e+002

    4.290430297851563e+002 -3.681699829101563e+002
    2.781549072265625e+002 -2.440169067382813e+002

    2.781549072265625e+002 -2.440169067382813e+002
    2.249290008544922e+002 -1.286534118652344e+002

    2.249290008544922e+002 -1.286534118652344e+002
    1.228719940185547e+002 -1.768472290039063e+001

    1.228719940185547e+002 -1.768472290039063e+001
    2.972665405273438e+001 6.215413665771484e+001

    2.972665405273438e+001 6.215413665771484e+001
    -7.233036041259766e+001 6.215413665771484e+001

    -7.233036041259766e+001 6.215413665771484e+001
    -1.966055297851563e+002 8.437229156494141e+001

    -1.966055297851563e+002 8.437229156494141e+001
    -2.232184753417969e+002 2.707850341796875e+002

    -2.232184753417969e+002 2.707850341796875e+002
    -3.296702880859375e+002 3.462290954589844e+002

    -3.296702880859375e+002 3.462290954589844e+002
    -4.362442016601563e+002 4.437692260742188e+002

    -4.362442016601563e+002 4.437692260742188e+002
    -5.560025024414063e+002 5.636495971679688e+002

    -5.560025024414063e+002 5.636495971679688e+002
    -6.891893310546875e+002 6.923195800781250e+002

    -6.891893310546875e+002 6.923195800781250e+002
    -7.394498901367188e+002 7.870689086914063e+002

    -7.394498901367188e+002 7.870689086914063e+002
    -8.311657714843750e+002 8.653037719726563e+002

    -8.311657714843750e+002 8.653037719726563e+002
    -8.847273559570313e+002 9.901497802734375e+002

    -8.847273559570313e+002 9.901497802734375e+002
    -9.997551879882813e+002 1.091635986328125e+003

    -9.997551879882813e+002 1.091635986328125e+003
    -1.039674560546875e+003 1.215789062500000e+003

%Polygon that bounds the well field

    -2.302815055847168e+001 -8.942970275878906e+001
    -8.891535186767578e+001 -1.274996566772461e+002

    -8.891535186767578e+001 -1.274996566772461e+002
    -4.864982986450195e+001 -2.190085296630859e+002

    -4.864982986450195e+001 -2.190085296630859e+002
    2.162850570678711e+001 -1.523760528564453e+002

    2.162850570678711e+001 -1.523760528564453e+002
    -2.302815055847168e+001 -8.942970275878906e+001

